              no_nms: 0.279457   0.081374  
            with_nms: 0.411188   0.095204  
           sigma_0.8: 0.466278   0.091239  
           sigma_1.6: 0.588731   0.095231  
