alpha_0.05_sigma_0.8: 0.419961   0.609349  
alpha_0.06_sigma_0.7: 0.427318   0.540697  
